[gd_scene load_steps=21 format=3 uid="uid://bpw678e30ijni"]

[ext_resource type="PackedScene" uid="uid://bs72ogkvdd7d6" path="res://addons/proto_controller/proto_controller.tscn" id="1_ig7tw"]
[ext_resource type="PackedScene" uid="uid://dmg0n4ecuahl" path="res://scenes/building/wall.tscn" id="3_lquwl"]
[ext_resource type="PackedScene" uid="uid://jx2676ewsyox" path="res://scenes/props/chest.tscn" id="4_1bvp3"]
[ext_resource type="Script" uid="uid://b0dvh0e2pfr2c" path="res://scripts/tool/tool.gd" id="4_lquwl"]
[ext_resource type="PackedScene" uid="uid://cqhbjmq2ydwuo" path="res://scenes/props/barrel.tscn" id="5_lquwl"]
[ext_resource type="PackedScene" uid="uid://dvays0ieixniy" path="res://scenes/building/floor_stone.tscn" id="6_7mycd"]
[ext_resource type="PackedScene" uid="uid://dhsyb4t2x6lk3" path="res://scenes/building/wall_doorway.tscn" id="7_272bh"]
[ext_resource type="PackedScene" uid="uid://jukb1y1wl6kg" path="res://scenes/props/table_medium.tscn" id="8_4c57u"]
[ext_resource type="PackedScene" uid="uid://r40l2riw53uu" path="res://scenes/building/ceiling.tscn" id="8_5vw27"]
[ext_resource type="PackedScene" uid="uid://bloxpep35eeyu" path="res://scenes/props/chair.tscn" id="10_efxa6"]
[ext_resource type="PackedScene" uid="uid://djpmy16nb5nb0" path="res://scenes/props/plate_food.tscn" id="11_2cqfq"]
[ext_resource type="PackedScene" uid="uid://cko3nb6ahgd0a" path="res://scenes/props/sword_shield.tscn" id="12_yaehf"]
[ext_resource type="PackedScene" uid="uid://damucc352sb1q" path="res://scenes/props/keg_decorated.tscn" id="13_074og"]
[ext_resource type="PackedScene" uid="uid://b12rgaif7oxve" path="res://scenes/props/table_small.tscn" id="14_cegan"]
[ext_resource type="PackedScene" uid="uid://cwj3nsxcgtmpn" path="res://scenes/props/coin_stack.tscn" id="15_82xsv"]
[ext_resource type="PackedScene" uid="uid://cnve83qs5qmp2" path="res://scenes/props/torch_mounted.tscn" id="16_getpj"]

[sub_resource type="ProceduralSkyMaterial" id="ProceduralSkyMaterial_272bh"]
sky_top_color = Color(0.18664366, 0.5049457, 0.5000639, 1)
sky_horizon_color = Color(0.90979105, 0.5320768, 0.52587414, 1)
ground_bottom_color = Color(0.41041556, 0.63071394, 0.8227208, 1)
ground_horizon_color = Color(0.87216157, 0.68270916, 0.6873123, 1)

[sub_resource type="Sky" id="Sky_5vw27"]
sky_material = SubResource("ProceduralSkyMaterial_272bh")

[sub_resource type="Environment" id="Environment_kek77"]
background_mode = 2
sky = SubResource("Sky_5vw27")

[sub_resource type="CameraAttributesPractical" id="CameraAttributesPractical_272bh"]
auto_exposure_enabled = true

[node name="Main" type="Node3D"]

[node name="Tool" type="Node" parent="."]
script = ExtResource("4_lquwl")

[node name="Environment" type="Node" parent="."]

[node name="WorldEnvironment" type="WorldEnvironment" parent="Environment"]
environment = SubResource("Environment_kek77")
camera_attributes = SubResource("CameraAttributesPractical_272bh")

[node name="DirectionalLight3D" type="DirectionalLight3D" parent="Environment"]
transform = Transform3D(-0.969872, -0.19808364, 0.14181395, 0, 0.582123, 0.81310076, -0.2436151, 0.78860366, -0.5645848, 0, 231.90001, 0)
shadow_enabled = true

[node name="Character" type="Node" parent="."]

[node name="ProtoController" parent="Character" instance=ExtResource("1_ig7tw")]
transform = Transform3D(1, 0, 0, 0, 1, 0, 0, 0, 1, 5.3999996, 0.2, 60.600002)
metadata/_edit_lock_ = true

[node name="Building" type="Node" parent="."]

[node name="ceiling73" type="Node" parent="Building"]

[node name="ceiling11" parent="Building/ceiling73" instance=ExtResource("8_5vw27")]
transform = Transform3D(0.9396926, 0, -0.34202012, 0, 1, 0, 0.34202012, 0, 0.9396926, 6.754373, 7.1500015, 32.434875)
metadata/_edit_lock_ = true

[node name="ceiling12" parent="Building/ceiling73" instance=ExtResource("8_5vw27")]
transform = Transform3D(0.9396926, 0, -0.34202012, 0, 1, 0, 0.34202012, 0, 0.9396926, 3.0168233, 7.1500015, 31.020506)
metadata/_edit_lock_ = true

[node name="ceiling15" parent="Building/ceiling73" instance=ExtResource("8_5vw27")]
transform = Transform3D(0.9396926, 0, -0.34202012, 0, 1, 0, 0.34202012, 0, 0.9396926, 8.122454, 7.1500015, 28.676107)
metadata/_edit_lock_ = true

[node name="ceiling16" parent="Building/ceiling73" instance=ExtResource("8_5vw27")]
transform = Transform3D(0.9396926, 0, -0.34202012, 0, 1, 0, 0.34202012, 0, 0.9396926, 4.3849044, 7.1500015, 27.261732)
metadata/_edit_lock_ = true

[node name="ceiling17" parent="Building/ceiling73" instance=ExtResource("8_5vw27")]
transform = Transform3D(0.9396926, 0, -0.34202012, 0, 1, 0, 0.34202012, 0, 0.9396926, -0.7289661, 7.1500015, 29.604746)
metadata/_edit_lock_ = true

[node name="ceiling18" parent="Building/ceiling73" instance=ExtResource("8_5vw27")]
transform = Transform3D(0.9396926, 0, -0.34202012, 0, 1, 0, 0.34202012, 0, 0.9396926, -4.466513, 7.1500015, 28.190374)
metadata/_edit_lock_ = true

[node name="ceiling19" parent="Building/ceiling73" instance=ExtResource("8_5vw27")]
transform = Transform3D(0.9396926, 0, -0.34202012, 0, 1, 0, 0.34202012, 0, 0.9396926, -8.212301, 7.1500015, 26.774614)
metadata/_edit_lock_ = true

[node name="ceiling20" parent="Building/ceiling73" instance=ExtResource("8_5vw27")]
transform = Transform3D(0.9396926, 0, -0.34202012, 0, 1, 0, 0.34202012, 0, 0.9396926, -11.949853, 7.1500015, 25.36024)
metadata/_edit_lock_ = true

[node name="ceiling21" parent="Building/ceiling73" instance=ExtResource("8_5vw27")]
transform = Transform3D(0.9396926, 0, -0.34202012, 0, 1, 0, 0.34202012, 0, 0.9396926, 0.639114, 7.1500015, 25.845972)
metadata/_edit_lock_ = true

[node name="ceiling22" parent="Building/ceiling73" instance=ExtResource("8_5vw27")]
transform = Transform3D(0.9396926, 0, -0.34202012, 0, 1, 0, 0.34202012, 0, 0.9396926, -3.0984335, 7.1500015, 24.431604)
metadata/_edit_lock_ = true

[node name="ceiling23" parent="Building/ceiling73" instance=ExtResource("8_5vw27")]
transform = Transform3D(0.9396926, 0, -0.34202012, 0, 1, 0, 0.34202012, 0, 0.9396926, -6.8442216, 7.1500015, 23.015844)
metadata/_edit_lock_ = true

[node name="ceiling24" parent="Building/ceiling73" instance=ExtResource("8_5vw27")]
transform = Transform3D(0.9396926, 0, -0.34202012, 0, 1, 0, 0.34202012, 0, 0.9396926, -10.58177, 7.1500015, 21.60147)
metadata/_edit_lock_ = true

[node name="ceiling27" parent="Building/ceiling73" instance=ExtResource("8_5vw27")]
transform = Transform3D(0.9396926, 0, -0.34202012, 0, 1, 0, 0.34202012, 0, 0.9396926, 4.018211, 7.1500015, 39.952423)
metadata/_edit_lock_ = true

[node name="ceiling28" parent="Building/ceiling73" instance=ExtResource("8_5vw27")]
transform = Transform3D(0.9396926, 0, -0.34202012, 0, 1, 0, 0.34202012, 0, 0.9396926, 0.28066218, 7.1500015, 38.538044)
metadata/_edit_lock_ = true

[node name="ceiling31" parent="Building/ceiling73" instance=ExtResource("8_5vw27")]
transform = Transform3D(0.9396926, 0, -0.34202012, 0, 1, 0, 0.34202012, 0, 0.9396926, 5.386291, 7.1500015, 36.19365)
metadata/_edit_lock_ = true

[node name="ceiling32" parent="Building/ceiling73" instance=ExtResource("8_5vw27")]
transform = Transform3D(0.9396926, 0, -0.34202012, 0, 1, 0, 0.34202012, 0, 0.9396926, 1.6487442, 7.1500015, 34.779278)
metadata/_edit_lock_ = true

[node name="ceiling33" parent="Building/ceiling73" instance=ExtResource("8_5vw27")]
transform = Transform3D(0.9396926, 0, -0.34202012, 0, 1, 0, 0.34202012, 0, 0.9396926, -3.4651265, 7.1500015, 37.12229)
metadata/_edit_lock_ = true

[node name="ceiling34" parent="Building/ceiling73" instance=ExtResource("8_5vw27")]
transform = Transform3D(0.9396926, 0, -0.34202012, 0, 1, 0, 0.34202012, 0, 0.9396926, -7.2026753, 7.1500015, 35.707916)
metadata/_edit_lock_ = true

[node name="ceiling35" parent="Building/ceiling73" instance=ExtResource("8_5vw27")]
transform = Transform3D(0.9396926, 0, -0.34202012, 0, 1, 0, 0.34202012, 0, 0.9396926, -10.948464, 7.1500015, 34.292164)
metadata/_edit_lock_ = true

[node name="ceiling36" parent="Building/ceiling73" instance=ExtResource("8_5vw27")]
transform = Transform3D(0.9396926, 0, -0.34202012, 0, 1, 0, 0.34202012, 0, 0.9396926, -14.686014, 7.1500015, 32.877785)
metadata/_edit_lock_ = true

[node name="ceiling37" parent="Building/ceiling73" instance=ExtResource("8_5vw27")]
transform = Transform3D(0.9396926, 0, -0.34202012, 0, 1, 0, 0.34202012, 0, 0.9396926, -2.0970464, 7.1500015, 33.363518)
metadata/_edit_lock_ = true

[node name="ceiling38" parent="Building/ceiling73" instance=ExtResource("8_5vw27")]
transform = Transform3D(0.9396926, 0, -0.34202012, 0, 1, 0, 0.34202012, 0, 0.9396926, -5.834594, 7.1500015, 31.94914)
metadata/_edit_lock_ = true

[node name="ceiling39" parent="Building/ceiling73" instance=ExtResource("8_5vw27")]
transform = Transform3D(0.9396926, 0, -0.34202012, 0, 1, 0, 0.34202012, 0, 0.9396926, -9.580383, 7.1500015, 30.533388)
metadata/_edit_lock_ = true

[node name="ceiling40" parent="Building/ceiling73" instance=ExtResource("8_5vw27")]
transform = Transform3D(0.9396926, 0, -0.34202012, 0, 1, 0, 0.34202012, 0, 0.9396926, -13.317934, 7.1500015, 29.119013)
metadata/_edit_lock_ = true

[node name="ceiling41" parent="Building/ceiling73" instance=ExtResource("8_5vw27")]
transform = Transform3D(0.9396926, 0, -0.34202012, 0, 1, 0, 0.34202012, 0, 0.9396926, -15.695642, 7.1500015, 23.944485)
metadata/_edit_lock_ = true

[node name="ceiling42" parent="Building/ceiling73" instance=ExtResource("8_5vw27")]
transform = Transform3D(0.9396926, 0, -0.34202012, 0, 1, 0, 0.34202012, 0, 0.9396926, -19.433191, 7.1500015, 22.530115)
metadata/_edit_lock_ = true

[node name="ceiling43" parent="Building/ceiling73" instance=ExtResource("8_5vw27")]
transform = Transform3D(0.9396926, 0, -0.34202012, 0, 1, 0, 0.34202012, 0, 0.9396926, -23.178982, 7.1500015, 21.114355)
metadata/_edit_lock_ = true

[node name="ceiling44" parent="Building/ceiling73" instance=ExtResource("8_5vw27")]
transform = Transform3D(0.9396926, 0, -0.34202012, 0, 1, 0, 0.34202012, 0, 0.9396926, -26.91653, 7.1500015, 19.699982)
metadata/_edit_lock_ = true

[node name="ceiling45" parent="Building/ceiling73" instance=ExtResource("8_5vw27")]
transform = Transform3D(0.9396926, 0, -0.34202012, 0, 1, 0, 0.34202012, 0, 0.9396926, -14.327561, 7.1500015, 20.185717)
metadata/_edit_lock_ = true

[node name="ceiling46" parent="Building/ceiling73" instance=ExtResource("8_5vw27")]
transform = Transform3D(0.9396926, 0, -0.34202012, 0, 1, 0, 0.34202012, 0, 0.9396926, -18.065111, 7.1500015, 18.771347)
metadata/_edit_lock_ = true

[node name="ceiling47" parent="Building/ceiling73" instance=ExtResource("8_5vw27")]
transform = Transform3D(0.9396926, 0, -0.34202012, 0, 1, 0, 0.34202012, 0, 0.9396926, -21.8109, 7.1500015, 17.355587)
metadata/_edit_lock_ = true

[node name="ceiling48" parent="Building/ceiling73" instance=ExtResource("8_5vw27")]
transform = Transform3D(0.9396926, 0, -0.34202012, 0, 1, 0, 0.34202012, 0, 0.9396926, -25.548449, 7.1500015, 15.94121)
metadata/_edit_lock_ = true

[node name="ceiling57" parent="Building/ceiling73" instance=ExtResource("8_5vw27")]
transform = Transform3D(0.9396926, 0, -0.34202012, 0, 1, 0, 0.34202012, 0, 0.9396926, -18.431805, 7.1500015, 31.462023)
metadata/_edit_lock_ = true

[node name="ceiling58" parent="Building/ceiling73" instance=ExtResource("8_5vw27")]
transform = Transform3D(0.9396926, 0, -0.34202012, 0, 1, 0, 0.34202012, 0, 0.9396926, -22.169352, 7.1500015, 30.047655)
metadata/_edit_lock_ = true

[node name="ceiling59" parent="Building/ceiling73" instance=ExtResource("8_5vw27")]
transform = Transform3D(0.9396926, 0, -0.34202012, 0, 1, 0, 0.34202012, 0, 0.9396926, -25.91514, 7.1500015, 28.631891)
metadata/_edit_lock_ = true

[node name="ceiling60" parent="Building/ceiling73" instance=ExtResource("8_5vw27")]
transform = Transform3D(0.9396926, 0, -0.34202012, 0, 1, 0, 0.34202012, 0, 0.9396926, -29.652687, 7.1500015, 27.217524)
metadata/_edit_lock_ = true

[node name="ceiling61" parent="Building/ceiling73" instance=ExtResource("8_5vw27")]
transform = Transform3D(0.9396926, 0, -0.34202012, 0, 1, 0, 0.34202012, 0, 0.9396926, -17.063723, 7.1500015, 27.703257)
metadata/_edit_lock_ = true

[node name="ceiling62" parent="Building/ceiling73" instance=ExtResource("8_5vw27")]
transform = Transform3D(0.9396926, 0, -0.34202012, 0, 1, 0, 0.34202012, 0, 0.9396926, -20.801271, 7.1500015, 26.288885)
metadata/_edit_lock_ = true

[node name="ceiling63" parent="Building/ceiling73" instance=ExtResource("8_5vw27")]
transform = Transform3D(0.9396926, 0, -0.34202012, 0, 1, 0, 0.34202012, 0, 0.9396926, -24.547062, 7.1500015, 24.873125)
metadata/_edit_lock_ = true

[node name="ceiling64" parent="Building/ceiling73" instance=ExtResource("8_5vw27")]
transform = Transform3D(0.9396926, 0, -0.34202012, 0, 1, 0, 0.34202012, 0, 0.9396926, -28.284609, 7.1500015, 23.458755)
metadata/_edit_lock_ = true

[node name="ceiling" parent="Building/ceiling73" instance=ExtResource("8_5vw27")]
transform = Transform3D(0.9848077, 0, -0.17364818, 0, 1, 0, 0.17364818, 0, 0.9848077, -10.957783, 4.250002, 18.188894)
metadata/_edit_lock_ = true

[node name="ceiling2" parent="Building/ceiling73" instance=ExtResource("8_5vw27")]
transform = Transform3D(0.9848077, 0, -0.17364818, 0, 1, 0, 0.17364818, 0, 0.9848077, -14.884153, 4.250002, 17.445028)
metadata/_edit_lock_ = true

[node name="ceiling3" parent="Building/ceiling73" instance=ExtResource("8_5vw27")]
transform = Transform3D(0.9848077, 0, -0.17364818, 0, 1, 0, 0.17364818, 0, 0.9848077, -18.81888, 4.250002, 16.70123)
metadata/_edit_lock_ = true

[node name="ceiling4" parent="Building/ceiling73" instance=ExtResource("8_5vw27")]
transform = Transform3D(0.9848077, 0, -0.17364818, 0, 1, 0, 0.17364818, 0, 0.9848077, -22.74525, 4.250002, 15.957361)
metadata/_edit_lock_ = true

[node name="ceiling5" parent="Building/ceiling73" instance=ExtResource("8_5vw27")]
transform = Transform3D(0.9848077, 0, -0.17364818, 0, 1, 0, 0.17364818, 0, 0.9848077, -10.26319, 4.250002, 14.249664)
metadata/_edit_lock_ = true

[node name="ceiling6" parent="Building/ceiling73" instance=ExtResource("8_5vw27")]
transform = Transform3D(0.9848077, 0, -0.17364818, 0, 1, 0, 0.17364818, 0, 0.9848077, -14.189561, 4.250002, 13.505797)
metadata/_edit_lock_ = true

[node name="ceiling7" parent="Building/ceiling73" instance=ExtResource("8_5vw27")]
transform = Transform3D(0.9848077, 0, -0.17364818, 0, 1, 0, 0.17364818, 0, 0.9848077, -18.124287, 4.250002, 12.761997)
metadata/_edit_lock_ = true

[node name="ceiling8" parent="Building/ceiling73" instance=ExtResource("8_5vw27")]
transform = Transform3D(0.9848077, 0, -0.17364818, 0, 1, 0, 0.17364818, 0, 0.9848077, -22.05066, 4.250002, 12.018131)
metadata/_edit_lock_ = true

[node name="walls" type="Node" parent="Building"]

[node name="wall309" parent="Building/walls" instance=ExtResource("3_lquwl")]
transform = Transform3D(0.8660254, 0, -0.5, 0, 1, 0, 0.5, 0, 0.8660254, -9.007687, 0, 57.09998)
metadata/_edit_lock_ = true

[node name="wall310" parent="Building/walls" instance=ExtResource("3_lquwl")]
transform = Transform3D(0.8660254, 0, -0.5, 0, 1, 0, 0.5, 0, 0.8660254, -12.471788, 0, 55.09998)
metadata/_edit_lock_ = true

[node name="wall311" parent="Building/walls" instance=ExtResource("3_lquwl")]
transform = Transform3D(0.8660254, 0, -0.5, 0, 1, 0, 0.5, 0, 0.8660254, -5.543593, 0, 59.099995)
metadata/_edit_lock_ = true

[node name="wall312" parent="Building/walls" instance=ExtResource("3_lquwl")]
transform = Transform3D(0.8660254, 0, -0.5, 0, 1, 0, 0.5, 0, 0.8660254, -19.399992, 0, 51.099983)
metadata/_edit_lock_ = true

[node name="wall313" parent="Building/walls" instance=ExtResource("3_lquwl")]
transform = Transform3D(0.8660254, 0, -0.5, 0, 1, 0, 0.5, 0, 0.8660254, -22.864094, 0, 49.09998)
metadata/_edit_lock_ = true

[node name="wall314" parent="Building/walls" instance=ExtResource("3_lquwl")]
transform = Transform3D(0.8660254, 0, -0.5, 0, 1, 0, 0.5, 0, 0.8660254, -15.935898, 0, 53.099995)
metadata/_edit_lock_ = true

[node name="wall315" parent="Building/walls" instance=ExtResource("3_lquwl")]
transform = Transform3D(0.8660254, 0, -0.5, 0, 1, 0, 0.5, 0, 0.8660254, -29.792303, 0, 45.09998)
metadata/_edit_lock_ = true

[node name="wall316" parent="Building/walls" instance=ExtResource("3_lquwl")]
transform = Transform3D(0.8660254, 0, -0.5, 0, 1, 0, 0.5, 0, 0.8660254, -33.2564, 0, 43.09998)
metadata/_edit_lock_ = true

[node name="wall317" parent="Building/walls" instance=ExtResource("3_lquwl")]
transform = Transform3D(0.8660254, 0, -0.5, 0, 1, 0, 0.5, 0, 0.8660254, -26.328209, 0, 47.09999)
metadata/_edit_lock_ = true

[node name="wall422" parent="Building/walls" instance=ExtResource("3_lquwl")]
transform = Transform3D(0.8660254, 0, -0.5, 0, 1, 0, 0.5, 0, 0.8660254, -9.007687, 4, 57.09998)
metadata/_edit_lock_ = true

[node name="wall423" parent="Building/walls" instance=ExtResource("3_lquwl")]
transform = Transform3D(0.8660254, 0, -0.5, 0, 1, 0, 0.5, 0, 0.8660254, -12.471788, 4, 55.09998)
metadata/_edit_lock_ = true

[node name="wall424" parent="Building/walls" instance=ExtResource("3_lquwl")]
transform = Transform3D(0.8660254, 0, -0.5, 0, 1, 0, 0.5, 0, 0.8660254, -5.543593, 4, 59.099995)
metadata/_edit_lock_ = true

[node name="wall425" parent="Building/walls" instance=ExtResource("3_lquwl")]
transform = Transform3D(0.8660254, 0, -0.5, 0, 1, 0, 0.5, 0, 0.8660254, -19.399992, 4, 51.099983)
metadata/_edit_lock_ = true

[node name="wall426" parent="Building/walls" instance=ExtResource("3_lquwl")]
transform = Transform3D(0.8660254, 0, -0.5, 0, 1, 0, 0.5, 0, 0.8660254, -22.864094, 4, 49.09998)
metadata/_edit_lock_ = true

[node name="wall427" parent="Building/walls" instance=ExtResource("3_lquwl")]
transform = Transform3D(0.8660254, 0, -0.5, 0, 1, 0, 0.5, 0, 0.8660254, -15.935898, 4, 53.099995)
metadata/_edit_lock_ = true

[node name="wall428" parent="Building/walls" instance=ExtResource("3_lquwl")]
transform = Transform3D(0.8660254, 0, -0.5, 0, 1, 0, 0.5, 0, 0.8660254, -29.792303, 4, 45.09998)
metadata/_edit_lock_ = true

[node name="wall429" parent="Building/walls" instance=ExtResource("3_lquwl")]
transform = Transform3D(0.8660254, 0, -0.5, 0, 1, 0, 0.5, 0, 0.8660254, -33.2564, 4, 43.09998)
metadata/_edit_lock_ = true

[node name="wall430" parent="Building/walls" instance=ExtResource("3_lquwl")]
transform = Transform3D(0.8660254, 0, -0.5, 0, 1, 0, 0.5, 0, 0.8660254, -26.328209, 4, 47.09999)
metadata/_edit_lock_ = true

[node name="wall318" parent="Building/walls" instance=ExtResource("3_lquwl")]
transform = Transform3D(-0.49999997, 0, -0.8660253, 0, 1, 0, 0.8660253, 0, -0.49999997, -16.307457, 0, 45.713436)
metadata/_edit_lock_ = true

[node name="wall319" parent="Building/walls" instance=ExtResource("3_lquwl")]
transform = Transform3D(-0.49999997, 0, -0.8660253, 0, 1, 0, 0.8660253, 0, -0.49999997, -14.307455, 0, 42.249332)
metadata/_edit_lock_ = true

[node name="wall320" parent="Building/walls" instance=ExtResource("3_lquwl")]
transform = Transform3D(-0.49999997, 0, -0.8660253, 0, 1, 0, 0.8660253, 0, -0.49999997, -18.307474, 0, 49.17753)
metadata/_edit_lock_ = true

[node name="wall321" parent="Building/walls" instance=ExtResource("3_lquwl")]
transform = Transform3D(0.7660444, 0, -0.6427876, 0, 1, 0, 0.6427876, 0, 0.7660444, 8.800009, 0, 32.69998)
metadata/_edit_lock_ = true

[node name="wall322" parent="Building/walls" instance=ExtResource("3_lquwl")]
transform = Transform3D(0.7660444, 0, -0.6427876, 0, 1, 0, 0.6427876, 0, 0.7660444, 5.7358317, 0, 30.128832)
metadata/_edit_lock_ = true

[node name="wall323" parent="Building/walls" instance=ExtResource("3_lquwl")]
transform = Transform3D(0.7660444, 0, -0.6427876, 0, 1, 0, 0.6427876, 0, 0.7660444, 11.864178, 0, 35.27114)
metadata/_edit_lock_ = true

[node name="wall324" parent="Building/walls" instance=ExtResource("3_lquwl")]
transform = Transform3D(0.7660444, 0, -0.6427876, 0, 1, 0, 0.6427876, 0, 0.7660444, -0.39252985, 0, 24.98653)
metadata/_edit_lock_ = true

[node name="wall325" parent="Building/walls" instance=ExtResource("3_lquwl")]
transform = Transform3D(0.7660444, 0, -0.6427876, 0, 1, 0, 0.6427876, 0, 0.7660444, -3.4567046, 0, 22.41538)
metadata/_edit_lock_ = true

[node name="wall326" parent="Building/walls" instance=ExtResource("3_lquwl")]
transform = Transform3D(0.7660444, 0, -0.6427876, 0, 1, 0, 0.6427876, 0, 0.7660444, 2.671638, 0, 27.55769)
metadata/_edit_lock_ = true

[node name="wall330" parent="Building/walls" instance=ExtResource("3_lquwl")]
transform = Transform3D(0.7660444, 0, -0.6427876, 0, 1, 0, 0.6427876, 0, 0.7660444, 5.7358317, 3.9999604, 30.128832)
metadata/_edit_lock_ = true

[node name="wall449" parent="Building/walls" instance=ExtResource("3_lquwl")]
transform = Transform3D(0.7660444, 0, -0.6427876, 0, 1, 0, 0.6427876, 0, 0.7660444, -0.39252985, 3.9999604, 24.98653)
metadata/_edit_lock_ = true

[node name="wall450" parent="Building/walls" instance=ExtResource("3_lquwl")]
transform = Transform3D(0.7660444, 0, -0.6427876, 0, 1, 0, 0.6427876, 0, 0.7660444, -3.4567046, 3.9999604, 22.41538)
metadata/_edit_lock_ = true

[node name="wall451" parent="Building/walls" instance=ExtResource("3_lquwl")]
transform = Transform3D(0.7660444, 0, -0.6427876, 0, 1, 0, 0.6427876, 0, 0.7660444, 2.671638, 3.9999604, 27.55769)
metadata/_edit_lock_ = true

[node name="wall327" parent="Building/walls" instance=ExtResource("3_lquwl")]
transform = Transform3D(-0.34202015, 0, -0.93969256, 0, 1, 0, 0.93969256, 0, -0.34202015, -3.9042308, 0, 58.576298)
metadata/_edit_lock_ = true

[node name="wall328" parent="Building/walls" instance=ExtResource("3_lquwl")]
transform = Transform3D(-0.34202015, 0, -0.93969256, 0, 1, 0, 0.93969256, 0, -0.34202015, -2.5361497, 0, 54.817524)
metadata/_edit_lock_ = true

[node name="wall331" parent="Building/walls" instance=ExtResource("3_lquwl")]
transform = Transform3D(-0.34202015, 0, -0.93969256, 0, 1, 0, 0.93969256, 0, -0.34202015, 1.5680882, 0, 43.541214)
metadata/_edit_lock_ = true

[node name="wall332" parent="Building/walls" instance=ExtResource("3_lquwl")]
transform = Transform3D(-0.34202015, 0, -0.93969256, 0, 1, 0, 0.93969256, 0, -0.34202015, -1.1680858, 0, 51.05875)
metadata/_edit_lock_ = true

[node name="wall333" parent="Building/walls" instance=ExtResource("3_lquwl")]
transform = Transform3D(-0.34202015, 0, -0.93969256, 0, 1, 0, 0.93969256, 0, -0.34202015, 4.304246, 0, 36.023666)
metadata/_edit_lock_ = true

[node name="wall334" parent="Building/walls" instance=ExtResource("3_lquwl")]
transform = Transform3D(-0.34202015, 0, -0.93969256, 0, 1, 0, 0.93969256, 0, -0.34202015, 5.672329, 0, 32.2649)
metadata/_edit_lock_ = true

[node name="wall335" parent="Building/walls" instance=ExtResource("3_lquwl")]
transform = Transform3D(-0.34202015, 0, -0.93969256, 0, 1, 0, 0.93969256, 0, -0.34202015, 2.9361534, 0, 39.782433)
metadata/_edit_lock_ = true

[node name="wall329" parent="Building/walls" instance=ExtResource("3_lquwl")]
transform = Transform3D(-0.34202015, 0, -0.93969256, 0, 1, 0, 0.93969256, 0, -0.34202015, -3.9042308, 4, 58.576298)
metadata/_edit_lock_ = true

[node name="wall369" parent="Building/walls" instance=ExtResource("3_lquwl")]
transform = Transform3D(-0.34202015, 0, -0.93969256, 0, 1, 0, 0.93969256, 0, -0.34202015, -2.5361497, 4, 54.817524)
metadata/_edit_lock_ = true

[node name="wall371" parent="Building/walls" instance=ExtResource("3_lquwl")]
transform = Transform3D(-0.34202015, 0, -0.93969256, 0, 1, 0, 0.93969256, 0, -0.34202015, 0.20000601, 4, 47.299984)
metadata/_edit_lock_ = true

[node name="wall372" parent="Building/walls" instance=ExtResource("3_lquwl")]
transform = Transform3D(-0.34202015, 0, -0.93969256, 0, 1, 0, 0.93969256, 0, -0.34202015, 1.5680882, 4, 43.541214)
metadata/_edit_lock_ = true

[node name="wall418" parent="Building/walls" instance=ExtResource("3_lquwl")]
transform = Transform3D(-0.34202015, 0, -0.93969256, 0, 1, 0, 0.93969256, 0, -0.34202015, -1.1680858, 4, 51.05875)
metadata/_edit_lock_ = true

[node name="wall419" parent="Building/walls" instance=ExtResource("3_lquwl")]
transform = Transform3D(-0.34202015, 0, -0.93969256, 0, 1, 0, 0.93969256, 0, -0.34202015, 4.304246, 4, 36.023666)
metadata/_edit_lock_ = true

[node name="wall420" parent="Building/walls" instance=ExtResource("3_lquwl")]
transform = Transform3D(-0.34202015, 0, -0.93969256, 0, 1, 0, 0.93969256, 0, -0.34202015, 5.672329, 4, 32.2649)
metadata/_edit_lock_ = true

[node name="wall421" parent="Building/walls" instance=ExtResource("3_lquwl")]
transform = Transform3D(-0.34202015, 0, -0.93969256, 0, 1, 0, 0.93969256, 0, -0.34202015, 2.9361534, 4, 39.782433)
metadata/_edit_lock_ = true

[node name="wall336" parent="Building/walls" instance=ExtResource("3_lquwl")]
transform = Transform3D(0.9848076, 0, -0.1736483, 0, 1, 0, 0.1736483, 0, 0.9848076, 51.317703, 0, 9.483754)
metadata/_edit_lock_ = true

[node name="wall337" parent="Building/walls" instance=ExtResource("3_lquwl")]
transform = Transform3D(0.9848076, 0, -0.1736483, 0, 1, 0, 0.1736483, 0, 0.9848076, 47.378468, 0, 8.789159)
metadata/_edit_lock_ = true

[node name="wall338" parent="Building/walls" instance=ExtResource("3_lquwl")]
transform = Transform3D(0.9848076, 0, -0.1736483, 0, 1, 0, 0.1736483, 0, 0.9848076, 55.25693, 0, 10.178368)
metadata/_edit_lock_ = true

[node name="wall339" parent="Building/walls" instance=ExtResource("3_lquwl")]
transform = Transform3D(0.9848076, 0, -0.1736483, 0, 1, 0, 0.1736483, 0, 0.9848076, 39.500008, 0, 7.39998)
metadata/_edit_lock_ = true

[node name="wall340" parent="Building/walls" instance=ExtResource("3_lquwl")]
transform = Transform3D(0.9848076, 0, -0.1736483, 0, 1, 0, 0.1736483, 0, 0.9848076, 35.560776, 0, 6.705383)
metadata/_edit_lock_ = true

[node name="wall341" parent="Building/walls" instance=ExtResource("3_lquwl")]
transform = Transform3D(0.9848076, 0, -0.1736483, 0, 1, 0, 0.1736483, 0, 0.9848076, 43.439236, 0, 8.094586)
metadata/_edit_lock_ = true

[node name="wall342" parent="Building/walls" instance=ExtResource("3_lquwl")]
transform = Transform3D(0.9848076, 0, -0.1736483, 0, 1, 0, 0.1736483, 0, 0.9848076, 27.68231, 0, 5.3162036)
metadata/_edit_lock_ = true

[node name="wall343" parent="Building/walls" instance=ExtResource("3_lquwl")]
transform = Transform3D(0.9848076, 0, -0.1736483, 0, 1, 0, 0.1736483, 0, 0.9848076, 23.743084, 0, 4.6216073)
metadata/_edit_lock_ = true

[node name="wall344" parent="Building/walls" instance=ExtResource("3_lquwl")]
transform = Transform3D(0.9848076, 0, -0.1736483, 0, 1, 0, 0.1736483, 0, 0.9848076, 31.62154, 0, 6.0108094)
metadata/_edit_lock_ = true

[node name="wall354" parent="Building/walls" instance=ExtResource("3_lquwl")]
transform = Transform3D(0.64278746, 0, -0.7660444, 0, 1, 0, 0.7660444, 0, 0.64278746, 75.5975, 0, 17.607723)
metadata/_edit_lock_ = true

[node name="wall355" parent="Building/walls" instance=ExtResource("3_lquwl")]
transform = Transform3D(0.64278746, 0, -0.7660444, 0, 1, 0, 0.7660444, 0, 0.64278746, 73.02635, 0, 14.543541)
metadata/_edit_lock_ = true

[node name="wall356" parent="Building/walls" instance=ExtResource("3_lquwl")]
transform = Transform3D(0.64278746, 0, -0.7660444, 0, 1, 0, 0.7660444, 0, 0.64278746, 78.16863, 0, 20.671913)
metadata/_edit_lock_ = true

[node name="wall357" parent="Building/walls" instance=ExtResource("3_lquwl")]
transform = Transform3D(0.64278746, 0, -0.7660444, 0, 1, 0, 0.7660444, 0, 0.64278746, 67.88405, 0, 8.415192)
metadata/_edit_lock_ = true

[node name="wall358" parent="Building/walls" instance=ExtResource("3_lquwl")]
transform = Transform3D(0.64278746, 0, -0.7660444, 0, 1, 0, 0.7660444, 0, 0.64278746, 65.3129, 0, 5.35101)
metadata/_edit_lock_ = true

[node name="wall359" parent="Building/walls" instance=ExtResource("3_lquwl")]
transform = Transform3D(0.64278746, 0, -0.7660444, 0, 1, 0, 0.7660444, 0, 0.64278746, 70.455185, 0, 11.479378)
metadata/_edit_lock_ = true

[node name="wall360" parent="Building/walls" instance=ExtResource("3_lquwl")]
transform = Transform3D(0.64278746, 0, -0.7660444, 0, 1, 0, 0.7660444, 0, 0.64278746, 60.170597, 0, -0.7773422)
metadata/_edit_lock_ = true

[node name="wall361" parent="Building/walls" instance=ExtResource("3_lquwl")]
transform = Transform3D(0.64278746, 0, -0.7660444, 0, 1, 0, 0.7660444, 0, 0.64278746, 62.741737, 0, 2.2868438)
metadata/_edit_lock_ = true

[node name="wall345" parent="Building/walls" instance=ExtResource("3_lquwl")]
transform = Transform3D(0.76604426, 0, -0.64278764, 0, 1, 0, 0.64278764, 0, 0.76604426, 20.392548, 0, 2.713429)
metadata/_edit_lock_ = true

[node name="wall346" parent="Building/walls" instance=ExtResource("3_lquwl")]
transform = Transform3D(0.76604426, 0, -0.64278764, 0, 1, 0, 0.64278764, 0, 0.76604426, 17.328367, 0, 0.14227447)
metadata/_edit_lock_ = true

[node name="wall347" parent="Building/walls" instance=ExtResource("3_lquwl")]
transform = Transform3D(0.76604426, 0, -0.64278764, 0, 1, 0, 0.64278764, 0, 0.76604426, 23.456713, 0, 5.284596)
metadata/_edit_lock_ = true

[node name="wall348" parent="Building/walls" instance=ExtResource("3_lquwl")]
transform = Transform3D(0.76604426, 0, -0.64278764, 0, 1, 0, 0.64278764, 0, 0.76604426, 11.200009, 0, -5.0000196)
metadata/_edit_lock_ = true

[node name="wall349" parent="Building/walls" instance=ExtResource("3_lquwl")]
transform = Transform3D(0.76604426, 0, -0.64278764, 0, 1, 0, 0.64278764, 0, 0.76604426, 8.135833, 0, -7.571174)
metadata/_edit_lock_ = true

[node name="wall350" parent="Building/walls" instance=ExtResource("3_lquwl")]
transform = Transform3D(0.76604426, 0, -0.64278764, 0, 1, 0, 0.64278764, 0, 0.76604426, 14.264178, 0, -2.4288592)
metadata/_edit_lock_ = true

[node name="wall351" parent="Building/walls" instance=ExtResource("3_lquwl")]
transform = Transform3D(0.76604426, 0, -0.64278764, 0, 1, 0, 0.64278764, 0, 0.76604426, 2.0074713, 0, -12.713471)
metadata/_edit_lock_ = true

[node name="wall352" parent="Building/walls" instance=ExtResource("3_lquwl")]
transform = Transform3D(0.76604426, 0, -0.64278764, 0, 1, 0, 0.64278764, 0, 0.76604426, -1.0566995, 0, -15.284623)
metadata/_edit_lock_ = true

[node name="wall353" parent="Building/walls" instance=ExtResource("3_lquwl")]
transform = Transform3D(0.76604426, 0, -0.64278764, 0, 1, 0, 0.64278764, 0, 0.76604426, 5.071641, 0, -10.14231)
metadata/_edit_lock_ = true

[node name="wall431" parent="Building/walls" instance=ExtResource("3_lquwl")]
transform = Transform3D(0.9848076, 0, -0.1736483, 0, 1, 0, 0.1736483, 0, 0.9848076, 51.317703, 3.9999998, 9.483754)
metadata/_edit_lock_ = true

[node name="wall432" parent="Building/walls" instance=ExtResource("3_lquwl")]
transform = Transform3D(0.9848076, 0, -0.1736483, 0, 1, 0, 0.1736483, 0, 0.9848076, 47.378468, 3.9999998, 8.789159)
metadata/_edit_lock_ = true

[node name="wall433" parent="Building/walls" instance=ExtResource("3_lquwl")]
transform = Transform3D(0.9848076, 0, -0.1736483, 0, 1, 0, 0.1736483, 0, 0.9848076, 55.25693, 3.9999998, 10.178368)
metadata/_edit_lock_ = true

[node name="wall434" parent="Building/walls" instance=ExtResource("3_lquwl")]
transform = Transform3D(0.9848076, 0, -0.1736483, 0, 1, 0, 0.1736483, 0, 0.9848076, 39.500008, 3.9999998, 7.39998)
metadata/_edit_lock_ = true

[node name="wall435" parent="Building/walls" instance=ExtResource("3_lquwl")]
transform = Transform3D(0.9848076, 0, -0.1736483, 0, 1, 0, 0.1736483, 0, 0.9848076, 35.560776, 3.9999998, 6.705383)
metadata/_edit_lock_ = true

[node name="wall436" parent="Building/walls" instance=ExtResource("3_lquwl")]
transform = Transform3D(0.9848076, 0, -0.1736483, 0, 1, 0, 0.1736483, 0, 0.9848076, 43.439236, 3.9999998, 8.094586)
metadata/_edit_lock_ = true

[node name="wall437" parent="Building/walls" instance=ExtResource("3_lquwl")]
transform = Transform3D(0.9848076, 0, -0.1736483, 0, 1, 0, 0.1736483, 0, 0.9848076, 27.68231, 3.9999998, 5.3162036)
metadata/_edit_lock_ = true

[node name="wall438" parent="Building/walls" instance=ExtResource("3_lquwl")]
transform = Transform3D(0.9848076, 0, -0.1736483, 0, 1, 0, 0.1736483, 0, 0.9848076, 23.743084, 3.9999998, 4.6216073)
metadata/_edit_lock_ = true

[node name="wall439" parent="Building/walls" instance=ExtResource("3_lquwl")]
transform = Transform3D(0.9848076, 0, -0.1736483, 0, 1, 0, 0.1736483, 0, 0.9848076, 31.62154, 3.9999998, 6.0108094)
metadata/_edit_lock_ = true

[node name="wall465" parent="Building/walls" instance=ExtResource("3_lquwl")]
transform = Transform3D(0.9848076, 0, -0.1736483, 0, 1, 0, 0.1736483, 0, 0.9848076, -6.4822984, 0, 20.983755)
metadata/_edit_lock_ = true

[node name="wall466" parent="Building/walls" instance=ExtResource("3_lquwl")]
transform = Transform3D(0.9848076, 0, -0.1736483, 0, 1, 0, 0.1736483, 0, 0.9848076, -10.421534, 0, 20.28916)
metadata/_edit_lock_ = true

[node name="wall469" parent="Building/walls" instance=ExtResource("3_lquwl")]
transform = Transform3D(0.9848076, 0, -0.1736483, 0, 1, 0, 0.1736483, 0, 0.9848076, -22.239225, 0, 18.205383)
metadata/_edit_lock_ = true

[node name="wall470" parent="Building/walls" instance=ExtResource("3_lquwl")]
transform = Transform3D(0.9848076, 0, -0.1736483, 0, 1, 0, 0.1736483, 0, 0.9848076, -14.360765, 0, 19.594587)
metadata/_edit_lock_ = true

[node name="wall471" parent="Building/walls" instance=ExtResource("3_lquwl")]
transform = Transform3D(0.9848076, 0, -0.1736483, 0, 1, 0, 0.1736483, 0, 0.9848076, -26.178461, 0, 17.51081)
metadata/_edit_lock_ = true

[node name="wall472" parent="Building/walls" instance=ExtResource("3_lquwl")]
transform = Transform3D(0.9848076, 0, -0.1736483, 0, 1, 0, 0.1736483, 0, 0.9848076, -6.4822984, 3.9999998, 20.983755)
metadata/_edit_lock_ = true

[node name="wall473" parent="Building/walls" instance=ExtResource("3_lquwl")]
transform = Transform3D(0.9848076, 0, -0.1736483, 0, 1, 0, 0.1736483, 0, 0.9848076, -10.421534, 3.9999998, 20.28916)
metadata/_edit_lock_ = true

[node name="wall475" parent="Building/walls" instance=ExtResource("3_lquwl")]
transform = Transform3D(0.9848076, 0, -0.1736483, 0, 1, 0, 0.1736483, 0, 0.9848076, -18.299994, 3.9999998, 18.89998)
metadata/_edit_lock_ = true

[node name="wall476" parent="Building/walls" instance=ExtResource("3_lquwl")]
transform = Transform3D(0.9848076, 0, -0.1736483, 0, 1, 0, 0.1736483, 0, 0.9848076, -22.239225, 3.9999998, 18.205383)
metadata/_edit_lock_ = true

[node name="wall477" parent="Building/walls" instance=ExtResource("3_lquwl")]
transform = Transform3D(0.9848076, 0, -0.1736483, 0, 1, 0, 0.1736483, 0, 0.9848076, -14.360765, 3.9999998, 19.594587)
metadata/_edit_lock_ = true

[node name="wall478" parent="Building/walls" instance=ExtResource("3_lquwl")]
transform = Transform3D(0.9848076, 0, -0.1736483, 0, 1, 0, 0.1736483, 0, 0.9848076, -26.178461, 3.9999998, 17.51081)
metadata/_edit_lock_ = true

[node name="wall440" parent="Building/walls" instance=ExtResource("3_lquwl")]
transform = Transform3D(0.76604426, 0, -0.64278764, 0, 1, 0, 0.64278764, 0, 0.76604426, 20.392548, 3.9999998, 2.713429)
metadata/_edit_lock_ = true

[node name="wall441" parent="Building/walls" instance=ExtResource("3_lquwl")]
transform = Transform3D(0.76604426, 0, -0.64278764, 0, 1, 0, 0.64278764, 0, 0.76604426, 17.328367, 3.9999998, 0.14227447)
metadata/_edit_lock_ = true

[node name="wall442" parent="Building/walls" instance=ExtResource("3_lquwl")]
transform = Transform3D(0.76604426, 0, -0.64278764, 0, 1, 0, 0.64278764, 0, 0.76604426, 23.456713, 3.9999998, 5.284596)
metadata/_edit_lock_ = true

[node name="wall443" parent="Building/walls" instance=ExtResource("3_lquwl")]
transform = Transform3D(0.76604426, 0, -0.64278764, 0, 1, 0, 0.64278764, 0, 0.76604426, 11.200009, 3.9999998, -5.0000196)
metadata/_edit_lock_ = true

[node name="wall444" parent="Building/walls" instance=ExtResource("3_lquwl")]
transform = Transform3D(0.76604426, 0, -0.64278764, 0, 1, 0, 0.64278764, 0, 0.76604426, 8.135833, 3.9999998, -7.571174)
metadata/_edit_lock_ = true

[node name="wall445" parent="Building/walls" instance=ExtResource("3_lquwl")]
transform = Transform3D(0.76604426, 0, -0.64278764, 0, 1, 0, 0.64278764, 0, 0.76604426, 14.264178, 3.9999998, -2.4288592)
metadata/_edit_lock_ = true

[node name="wall446" parent="Building/walls" instance=ExtResource("3_lquwl")]
transform = Transform3D(0.76604426, 0, -0.64278764, 0, 1, 0, 0.64278764, 0, 0.76604426, 2.0074713, 3.9999998, -12.713471)
metadata/_edit_lock_ = true

[node name="wall447" parent="Building/walls" instance=ExtResource("3_lquwl")]
transform = Transform3D(0.76604426, 0, -0.64278764, 0, 1, 0, 0.64278764, 0, 0.76604426, -1.0566995, 3.9999998, -15.284623)
metadata/_edit_lock_ = true

[node name="wall448" parent="Building/walls" instance=ExtResource("3_lquwl")]
transform = Transform3D(0.76604426, 0, -0.64278764, 0, 1, 0, 0.64278764, 0, 0.76604426, 5.071641, 3.9999998, -10.14231)
metadata/_edit_lock_ = true

[node name="wall385" parent="Building/walls" instance=ExtResource("3_lquwl")]
transform = Transform3D(1, 0, 0, 0, 1, 0, 0, 0, 1, -16.399994, 0, -17.700018)
metadata/_edit_lock_ = true

[node name="wall386" parent="Building/walls" instance=ExtResource("3_lquwl")]
transform = Transform3D(1, 0, 0, 0, 1, 0, 0, 0, 1, -20.399994, 0, -17.700018)
metadata/_edit_lock_ = true

[node name="wall387" parent="Building/walls" instance=ExtResource("3_lquwl")]
transform = Transform3D(1, 0, 0, 0, 1, 0, 0, 0, 1, -12.399994, 0, -17.700003)
metadata/_edit_lock_ = true

[node name="wall388" parent="Building/walls" instance=ExtResource("3_lquwl")]
transform = Transform3D(1, 0, 0, 0, 1, 0, 0, 0, 1, -28.399994, 0, -17.700018)
metadata/_edit_lock_ = true

[node name="wall389" parent="Building/walls" instance=ExtResource("3_lquwl")]
transform = Transform3D(1, 0, 0, 0, 1, 0, 0, 0, 1, -32.399994, 0, -17.700018)
metadata/_edit_lock_ = true

[node name="wall390" parent="Building/walls" instance=ExtResource("3_lquwl")]
transform = Transform3D(1, 0, 0, 0, 1, 0, 0, 0, 1, -24.399994, 0, -17.700003)
metadata/_edit_lock_ = true

[node name="wall391" parent="Building/walls" instance=ExtResource("3_lquwl")]
transform = Transform3D(1, 0, 0, 0, 1, 0, 0, 0, 1, -40.4, 0, -17.700018)
metadata/_edit_lock_ = true

[node name="wall392" parent="Building/walls" instance=ExtResource("3_lquwl")]
transform = Transform3D(1, 0, 0, 0, 1, 0, 0, 0, 1, -44.4, 0, -17.700018)
metadata/_edit_lock_ = true

[node name="wall393" parent="Building/walls" instance=ExtResource("3_lquwl")]
transform = Transform3D(1, 0, 0, 0, 1, 0, 0, 0, 1, -36.4, 0, -17.700003)
metadata/_edit_lock_ = true

[node name="wall394" parent="Building/walls" instance=ExtResource("3_lquwl")]
transform = Transform3D(1, 0, 0, 0, 1, 0, 0, 0, 1, -52.400013, 0, -17.700018)
metadata/_edit_lock_ = true

[node name="wall395" parent="Building/walls" instance=ExtResource("3_lquwl")]
transform = Transform3D(1, 0, 0, 0, 1, 0, 0, 0, 1, -48.400013, 0, -17.700003)
metadata/_edit_lock_ = true

[node name="wall396" parent="Building/walls" instance=ExtResource("3_lquwl")]
transform = Transform3D(0.17364822, 0, -0.9848077, 0, 1, 0, 0.9848077, 0, 0.17364822, 13.878379, 0, -41.84309)
metadata/_edit_lock_ = true

[node name="wall397" parent="Building/walls" instance=ExtResource("3_lquwl")]
transform = Transform3D(0.17364822, 0, -0.9848077, 0, 1, 0, 0.9848077, 0, 0.17364822, 13.183785, 0, -45.782322)
metadata/_edit_lock_ = true

[node name="wall398" parent="Building/walls" instance=ExtResource("3_lquwl")]
transform = Transform3D(0.17364822, 0, -0.9848077, 0, 1, 0, 0.9848077, 0, 0.17364822, 14.572956, 0, -37.903854)
metadata/_edit_lock_ = true

[node name="wall399" parent="Building/walls" instance=ExtResource("3_lquwl")]
transform = Transform3D(0.17364822, 0, -0.9848077, 0, 1, 0, 0.9848077, 0, 0.17364822, 11.7946, 0, -53.66078)
metadata/_edit_lock_ = true

[node name="wall400" parent="Building/walls" instance=ExtResource("3_lquwl")]
transform = Transform3D(0.17364822, 0, -0.9848077, 0, 1, 0, 0.9848077, 0, 0.17364822, 11.100007, 0, -57.600014)
metadata/_edit_lock_ = true

[node name="wall401" parent="Building/walls" instance=ExtResource("3_lquwl")]
transform = Transform3D(0.17364822, 0, -0.9848077, 0, 1, 0, 0.9848077, 0, 0.17364822, 12.489178, 0, -49.721546)
