[gd_scene load_steps=8 format=3 uid="uid://bpw678e30ijni"]

[ext_resource type="PackedScene" uid="uid://bs72ogkvdd7d6" path="res://addons/proto_controller/proto_controller.tscn" id="1_ig7tw"]
[ext_resource type="PackedScene" uid="uid://jx2676ewsyox" path="res://scenes/chest.tscn" id="4_1bvp3"]
[ext_resource type="Script" uid="uid://b0dvh0e2pfr2c" path="res://scripts/tool.gd" id="4_lquwl"]
[ext_resource type="PackedScene" uid="uid://cqhbjmq2ydwuo" path="res://scenes/barrel.tscn" id="5_lquwl"]

[sub_resource type="ProceduralSkyMaterial" id="ProceduralSkyMaterial_7dm0k"]
sky_horizon_color = Color(0.66224277, 0.6717428, 0.6867428, 1)
ground_horizon_color = Color(0.66224277, 0.6717428, 0.6867428, 1)

[sub_resource type="Sky" id="Sky_ig7tw"]
sky_material = SubResource("ProceduralSkyMaterial_7dm0k")

[sub_resource type="Environment" id="Environment_0xm2m"]
background_mode = 2
sky = SubResource("Sky_ig7tw")
tonemap_mode = 2
glow_enabled = true

[node name="Main" type="Node3D"]

[node name="WorldEnvironment" type="WorldEnvironment" parent="."]
environment = SubResource("Environment_0xm2m")

[node name="DirectionalLight3D" type="DirectionalLight3D" parent="."]
transform = Transform3D(-0.969872, -0.19808364, 0.14181395, 0, 0.582123, 0.81310076, -0.2436151, 0.78860366, -0.5645848, 0, 231.90001, 0)
shadow_enabled = true

[node name="CSGCombiner3D" type="CSGCombiner3D" parent="."]
transform = Transform3D(0.1736475, 0, -0.98480785, 0, 1, 0, 0.98480785, 0, 0.1736475, 11.96185, 4.3, -50.63949)
use_collision = true

[node name="CSGBox3D11" type="CSGBox3D" parent="CSGCombiner3D"]
transform = Transform3D(1.0000001, 0, 0, 0, 1, 0, 0, 0, 1.0000001, 0, 0, 0)
size = Vector3(30.800001, 9.7, 1)

[node name="CSGBox3D12" type="CSGBox3D" parent="CSGCombiner3D"]
transform = Transform3D(0.86602545, 0, 0.5000002, 0, 1, 0, -0.5000002, 0, 0.86602545, 66.565125, 0, -44.11492)
size = Vector3(38.9, 9.7, 1)

[node name="CSGBox3D10" type="CSGBox3D" parent="CSGCombiner3D"]
transform = Transform3D(0.6427876, 0, 0.7660447, 0, 1, 0, -0.7660447, 0, 0.6427876, 143.43042, 0, -16.614044)
size = Vector3(38.9, 9.7, 1)

[node name="CSGBox3D8" type="CSGBox3D" parent="CSGCombiner3D"]
transform = Transform3D(0.7660442, 0, 0.6427879, 0, 1, 0, -0.6427879, 0, 0.7660442, 82.43884, 1.6499996, 16.649086)
size = Vector3(38.9, 13, 1)

[node name="CSGBox3D" type="CSGBox3D" parent="CSGCombiner3D"]
transform = Transform3D(0.17364751, 0, 0.98480797, 0, 1, 0, -0.98480797, 0, 0.17364751, -8.794613, 3.75, -22.456474)
size = Vector3(131.7, 17.2, 1)

[node name="CSGBox3D2" type="CSGBox3D" parent="CSGCombiner3D"]
transform = Transform3D(-0.49999952, 0, -0.86602575, 0, 1, 0, 0.86602575, 0, -0.49999952, 136.54251, 0, 71.1866)
size = Vector3(166.90001, 12.400001, 1)

[node name="CSGBox3D3" type="CSGBox3D" parent="CSGCombiner3D"]
transform = Transform3D(0.7660449, 0, -0.6427872, 0, 1, 0, 0.6427872, 0, 0.7660449, 42.148586, 0, 82.17934)
size = Vector3(166.90001, 9.7, 1)

[node name="CSGBox3D4" type="CSGBox3D" parent="CSGCombiner3D"]
transform = Transform3D(0.8660321, 0, -0.5000012, 0, 1, 0, 0.5000012, 0, 0.8660321, 59.18412, 0, 48.374844)
size = Vector3(76.200005, 28, 1)

[node name="CSGBox3D5" type="CSGBox3D" parent="CSGCombiner3D"]
transform = Transform3D(0.86603177, 0, -0.50000113, 0, 1, 0, 0.50000113, 0, 0.86603177, 91.951096, 0, 27.2944)
size = Vector3(31, 9.7, 1)

[node name="CSGBox3D6" type="CSGBox3D" parent="CSGCombiner3D"]
transform = Transform3D(-0.7660442, 0, -0.6427882, 0, 1, 0, 0.6427882, 0, -0.7660442, 45.88563, 3.3999996, 7.741291)
size = Vector3(38.9, 16.5, 1)

[node name="CSGBox3D7" type="CSGBox3D" parent="CSGCombiner3D"]
transform = Transform3D(0.50000024, 0, 0.86602676, 0, 1, 0, -0.86602676, 0, 0.50000024, 9.302685, 2.1999998, -15.963894)
size = Vector3(35.9, 14.1, 1)

[node name="CSGBox3D9" type="CSGBox3D" parent="CSGCombiner3D"]
transform = Transform3D(-0.34202003, 0, -0.9396944, 0, 1, 0, 0.9396944, 0, -0.34202003, 61.294853, -2.6, -16.124744)
size = Vector3(32.5, 4.5, 1)

[node name="CSGBox3D13" type="CSGBox3D" parent="CSGCombiner3D"]
transform = Transform3D(-0.93969285, 0, 0.34201956, 0, 1, 0, -0.34201956, 0, -0.93969285, 87.36203, 2.499999, -51.9674)
size = Vector3(228.6, 17.4, 1)

[node name="CSGBox3D14" type="CSGBox3D" parent="CSGCombiner3D"]
transform = Transform3D(5.811453e-07, 0, -1, 0, 1, 0, 1, 0, 5.811453e-07, 172.34793, 0, -5.669842)
size = Vector3(41.3, 12.400001, 1)

[node name="arch2" type="CSGBox3D" parent="CSGCombiner3D"]
transform = Transform3D(-0.6427872, 0, -0.7660449, 0, 1, 0, 0.7660449, 0, -0.6427872, 95.36479, 2.9999995, 48.22128)
use_collision = true
size = Vector3(36.8, 23.4, 0.6)

[node name="arch_opening_bot" type="CSGBox3D" parent="CSGCombiner3D/arch2"]
transform = Transform3D(1, 0, 0, 0, 1, 0, 0, 0, 1, -1.2262764, -3.8, -0.38896942)
operation = 2
size = Vector3(4.3, 7.2000003, 1.8000001)

[node name="arch_opening_top" type="CSGCylinder3D" parent="CSGCombiner3D/arch2"]
transform = Transform3D(4.3500004, 0, 1.4210855e-14, 0, -4.3711385e-08, 4.3500004, 0, -0.9999999, -1.9014458e-07, -1.2262764, -0.19999933, -0.38896942)
operation = 2
sides = 32

[node name="arch" type="CSGBox3D" parent="CSGCombiner3D"]
transform = Transform3D(0.17364764, 0, 0.98481, 0, 1, 0, -0.98481, 0, 0.17364764, 25.998514, 2.7000003, 48.868866)
use_collision = true
size = Vector3(37.100002, 19, 0.6)

[node name="arch_opening_bot" type="CSGBox3D" parent="CSGCombiner3D/arch"]
transform = Transform3D(1, 0, 0, 0, 1, 0, 0, 0, 1, 11.700001, -3.5, 0)
operation = 2
size = Vector3(4.3, 7.2000003, 1.8000001)

[node name="arch_opening_top" type="CSGCylinder3D" parent="CSGCombiner3D/arch"]
transform = Transform3D(4.3500004, 0, 0, 0, -4.3711385e-08, 4.3500004, 0, -0.9999999, -1.9014456e-07, 11.700001, 0.10000038, 0)
operation = 2
sides = 32

[node name="floor" type="CSGCylinder3D" parent="."]
transform = Transform3D(1.0000001, 0, 0, 0, 1, 0, 0, 0, 1.0000001, -9.536743e-07, -1.1312499, 3.8146973e-06)
use_collision = true
radius = 289.80002
height = 2.6125
sides = 16

[node name="ProtoController" parent="." instance=ExtResource("1_ig7tw")]
transform = Transform3D(1, 0, 0, 0, 1, 0, 0, 0, 1, 5.3999996, 0.2, 60.600002)

[node name="Chest" parent="." instance=ExtResource("4_1bvp3")]
transform = Transform3D(1, 0, 0, 0, 1, 0, 0, 0, 1, 6.7040005, 0.17500043, 55.979916)

[node name="barrel" parent="." instance=ExtResource("5_lquwl")]
transform = Transform3D(1, 0, 0, 0, 1, 0, 0, 0, 1, 7.6, 2.7, 56.3)

[node name="Node3D" type="Node3D" parent="."]
script = ExtResource("4_lquwl")
